50, 51
50, 52
50, 54
50, 56
50, 58
50, 63
50, 65
50, 72
50, 73
50, 74
50, 75
50, 76
50, 77
50, 85
50, 86
50, 91
50, 97
50, 110
50, 116
50, 123
50, 126
50, 127
50, 133
50, 139
50, 141
50, 147
51, 52
51, 54
51, 55
51, 56
51, 58
51, 61
51, 63
51, 65
51, 66
51, 67
51, 68
51, 70
51, 71
51, 72
51, 73
51, 74
51, 75
51, 76
51, 77
51, 78
51, 82
51, 83
51, 84
51, 85
51, 86
51, 87
51, 88
51, 91
51, 92
51, 94
51, 95
51, 96
51, 97
51, 99
51, 110
51, 111
51, 123
51, 126
51, 127
51, 133
51, 137
51, 138
51, 146
51, 147
51, 149
52, 54
52, 56
52, 58
52, 63
52, 65
52, 70
52, 72
52, 73
52, 74
52, 75
52, 76
52, 77
52, 78
52, 83
52, 85
52, 86
52, 91
52, 97
52, 103
52, 110
52, 111
52, 112
52, 115
52, 116
52, 123
52, 124
52, 126
52, 127
52, 129
52, 133
52, 137
52, 138
52, 139
52, 141
52, 145
52, 146
52, 147
53, 55
53, 59
53, 61
53, 62
53, 64
53, 66
53, 67
53, 68
53, 69
53, 71
53, 73
53, 78
53, 79
53, 80
53, 81
53, 82
53, 84
53, 87
53, 88
53, 89
53, 90
53, 92
53, 94
53, 95
53, 96
53, 97
53, 99
53, 106
54, 55
54, 56
54, 58
54, 61
54, 63
54, 65
54, 66
54, 67
54, 68
54, 70
54, 71
54, 72
54, 73
54, 74
54, 75
54, 76
54, 77
54, 78
54, 82
54, 83
54, 85
54, 86
54, 87
54, 91
54, 92
54, 94
54, 95
54, 96
54, 97
54, 99
54, 101
54, 110
54, 111
54, 116
54, 119
54, 123
54, 126
54, 127
54, 133
54, 137
54, 138
54, 142
54, 145
54, 146
54, 147
54, 149
55, 56
55, 58
55, 59
55, 61
55, 62
55, 63
55, 64
55, 65
55, 66
55, 67
55, 68
55, 69
55, 70
55, 71
55, 72
55, 73
55, 74
55, 75
55, 78
55, 80
55, 81
55, 82
55, 83
55, 84
55, 85
55, 87
55, 88
55, 89
55, 90
55, 91
55, 92
55, 94
55, 95
55, 96
55, 97
55, 99
55, 101
55, 106
55, 113
55, 119
55, 121
55, 123
55, 126
55, 127
55, 133
55, 138
55, 142
55, 146
55, 149
56, 58
56, 61
56, 63
56, 65
56, 66
56, 70
56, 71
56, 72
56, 73
56, 74
56, 75
56, 76
56, 77
56, 78
56, 83
56, 84
56, 85
56, 86
56, 88
56, 91
56, 95
56, 96
56, 97
56, 99
56, 101
56, 103
56, 110
56, 111
56, 115
56, 116
56, 121
56, 123
56, 126
56, 127
56, 133
56, 137
56, 138
56, 141
56, 142
56, 145
56, 146
56, 147
56, 148
56, 149
58, 61
58, 63
58, 65
58, 66
58, 67
58, 68
58, 70
58, 71
58, 72
58, 73
58, 74
58, 75
58, 76
58, 77
58, 78
58, 83
58, 85
58, 86
58, 87
58, 91
58, 92
58, 95
58, 96
58, 97
58, 99
58, 110
58, 111
58, 116
58, 119
58, 123
58, 126
58, 127
58, 133
58, 138
58, 146
58, 147
58, 149
59, 61
59, 62
59, 64
59, 66
59, 67
59, 69
59, 71
59, 78
59, 79
59, 80
59, 81
59, 82
59, 84
59, 88
59, 89
59, 90
59, 92
59, 94
59, 95
59, 96
59, 99
59, 106
61, 62
61, 63
61, 64
61, 65
61, 66
61, 67
61, 68
61, 69
61, 70
61, 71
61, 72
61, 73
61, 74
61, 75
61, 78
61, 79
61, 80
61, 81
61, 82
61, 83
61, 84
61, 85
61, 86
61, 87
61, 88
61, 89
61, 90
61, 91
61, 92
61, 94
61, 95
61, 96
61, 97
61, 99
61, 101
61, 121
61, 123
61, 126
61, 127
61, 133
61, 138
61, 142
61, 149
62, 64
62, 67
62, 68
62, 69
62, 71
62, 73
62, 74
62, 78
62, 79
62, 80
62, 81
62, 82
62, 87
62, 88
62, 89
62, 90
62, 92
62, 94
62, 95
62, 96
62, 97
62, 99
63, 65
63, 66
63, 67
63, 68
63, 70
63, 71
63, 72
63, 73
63, 74
63, 75
63, 76
63, 77
63, 78
63, 82
63, 83
63, 84
63, 85
63, 86
63, 87
63, 88
63, 89
63, 90
63, 91
63, 92
63, 94
63, 95
63, 96
63, 97
63, 99
63, 101
63, 103
63, 110
63, 111
63, 113
63, 116
63, 119
63, 121
63, 123
63, 126
63, 127
63, 133
63, 134
63, 137
63, 138
63, 142
63, 146
63, 147
63, 149
64, 66
64, 67
64, 69
64, 71
64, 78
64, 79
64, 80
64, 81
64, 82
64, 84
64, 88
64, 89
64, 90
64, 92
64, 94
64, 95
64, 96
64, 97
64, 99
65, 68
65, 70
65, 71
65, 72
65, 73
65, 74
65, 75
65, 76
65, 77
65, 78
65, 85
65, 86
65, 87
65, 91
65, 95
65, 96
65, 97
65, 110
65, 123
65, 126
65, 127
65, 133
65, 138
65, 147
66, 67
66, 68
66, 69
66, 70
66, 71
66, 72
66, 73
66, 74
66, 75
66, 78
66, 80
66, 82
66, 83
66, 84
66, 85
66, 87
66, 88
66, 89
66, 90
66, 91
66, 92
66, 94
66, 95
66, 96
66, 97
66, 99
66, 101
66, 106
66, 113
66, 119
66, 121
66, 123
66, 126
66, 127
66, 133
66, 138
66, 142
66, 149
67, 68
67, 69
67, 71
67, 73
67, 74
67, 75
67, 78
67, 79
67, 80
67, 81
67, 82
67, 84
67, 85
67, 87
67, 88
67, 89
67, 90
67, 91
67, 92
67, 94
67, 95
67, 96
67, 97
67, 99
68, 69
68, 71
68, 72
68, 73
68, 74
68, 75
68, 76
68, 78
68, 82
68, 83
68, 86
68, 87
68, 89
68, 90
68, 91
68, 92
68, 94
68, 95
68, 96
68, 97
68, 99
68, 101
68, 111
68, 113
68, 119
68, 123
68, 126
68, 127
68, 133
68, 138
68, 142
68, 146
69, 71
69, 73
69, 74
69, 78
69, 79
69, 80
69, 81
69, 82
69, 84
69, 87
69, 88
69, 89
69, 90
69, 91
69, 92
69, 94
69, 95
69, 96
69, 97
69, 99
70, 71
70, 72
70, 73
70, 74
70, 75
70, 77
70, 78
70, 83
70, 84
70, 85
70, 86
70, 88
70, 90
70, 91
70, 94
70, 95
70, 96
70, 97
70, 99
70, 101
70, 103
70, 110
70, 111
70, 113
70, 114
70, 115
70, 116
70, 121
70, 123
70, 126
70, 127
70, 133
70, 137
70, 138
70, 142
70, 145
70, 146
70, 147
70, 148
70, 149
71, 72
71, 73
71, 74
71, 75
71, 78
71, 79
71, 80
71, 81
71, 82
71, 84
71, 85
71, 86
71, 87
71, 88
71, 89
71, 90
71, 91
71, 92
71, 94
71, 95
71, 96
71, 97
71, 99
71, 123
71, 126
71, 127
71, 138
72, 73
72, 74
72, 75
72, 76
72, 77
72, 78
72, 83
72, 85
72, 86
72, 87
72, 90
72, 91
72, 94
72, 96
72, 97
72, 101
72, 103
72, 108
72, 110
72, 111
72, 113
72, 116
72, 119
72, 121
72, 123
72, 126
72, 127
72, 128
72, 132
72, 133
72, 134
72, 137
72, 138
72, 142
72, 146
72, 147
72, 149
73, 74
73, 75
73, 76
73, 77
73, 78
73, 82
73, 83
73, 84
73, 85
73, 86
73, 87
73, 88
73, 89
73, 90
73, 91
73, 92
73, 94
73, 95
73, 96
73, 97
73, 99
73, 101
73, 110
73, 111
73, 113
73, 119
73, 121
73, 123
73, 126
73, 127
73, 133
73, 134
73, 138
73, 142
73, 146
73, 147
73, 149
74, 75
74, 76
74, 77
74, 78
74, 82
74, 83
74, 84
74, 85
74, 86
74, 87
74, 88
74, 89
74, 90
74, 91
74, 92
74, 94
74, 95
74, 96
74, 97
74, 99
74, 123
74, 126
74, 127
74, 133
74, 138
74, 146
75, 76
75, 77
75, 78
75, 82
75, 83
75, 85
75, 86
75, 87
75, 88
75, 91
75, 92
75, 95
75, 96
75, 97
75, 99
75, 110
75, 123
75, 126
75, 127
75, 133
75, 138
75, 146
75, 147
76, 77
76, 78
76, 83
76, 86
76, 87
76, 91
76, 97
76, 103
76, 110
76, 111
76, 112
76, 116
76, 119
76, 123
76, 126
76, 127
76, 133
76, 137
76, 138
76, 139
76, 141
76, 145
76, 146
76, 147
76, 149
77, 78
77, 83
77, 85
77, 86
77, 91
77, 97
77, 101
77, 103
77, 104
77, 108
77, 110
77, 111
77, 112
77, 115
77, 116
77, 120
77, 123
77, 124
77, 126
77, 127
77, 128
77, 129
77, 132
77, 133
77, 134
77, 137
77, 138
77, 139
77, 140
77, 141
77, 142
77, 145
77, 146
77, 147
77, 148
77, 149
78, 82
78, 83
78, 84
78, 85
78, 86
78, 87
78, 88
78, 89
78, 90
78, 91
78, 92
78, 94
78, 95
78, 96
78, 97
78, 99
78, 101
78, 110
78, 111
78, 113
78, 119
78, 121
78, 123
78, 126
78, 127
78, 133
78, 138
78, 142
78, 146
78, 147
78, 149
79, 80
79, 81
79, 82
79, 88
79, 89
79, 90
79, 92
79, 94
79, 95
79, 96
79, 97
79, 99
80, 81
80, 82
80, 84
80, 87
80, 88
80, 89
80, 90
80, 92
80, 94
80, 95
80, 96
80, 97
80, 99
81, 82
81, 88
81, 89
81, 90
81, 92
81, 94
81, 95
81, 96
81, 99
82, 84
82, 85
82, 87
82, 88
82, 89
82, 90
82, 91
82, 92
82, 94
82, 95
82, 96
82, 97
82, 99
83, 84
83, 85
83, 86
83, 87
83, 90
83, 91
83, 94
83, 96
83, 97
83, 101
83, 103
83, 108
83, 110
83, 111
83, 113
83, 114
83, 115
83, 116
83, 119
83, 121
83, 123
83, 126
83, 127
83, 128
83, 132
83, 133
83, 134
83, 137
83, 138
83, 142
83, 145
83, 146
83, 147
83, 148
83, 149
84, 85
84, 88
84, 89
84, 90
84, 91
84, 92
84, 94
84, 95
84, 96
84, 97
84, 99
84, 101
84, 106
84, 113
84, 121
84, 126
84, 127
84, 138
84, 142
84, 149
85, 86
85, 88
85, 90
85, 91
85, 92
85, 94
85, 95
85, 96
85, 97
85, 99
85, 101
85, 110
85, 121
85, 123
85, 126
85, 127
85, 133
85, 138
85, 142
85, 147
85, 149
86, 87
86, 91
86, 97
86, 103
86, 110
86, 111
86, 112
86, 115
86, 116
86, 123
86, 126
86, 127
86, 133
86, 137
86, 138
86, 139
86, 141
86, 145
86, 146
86, 147
86, 149
87, 88
87, 89
87, 90
87, 91
87, 92
87, 94
87, 95
87, 96
87, 97
87, 99
87, 119
87, 123
87, 126
87, 127
87, 133
87, 138
87, 146
88, 89
88, 90
88, 91
88, 92
88, 94
88, 95
88, 96
88, 97
88, 99
88, 106
88, 138
89, 90
89, 91
89, 92
89, 94
89, 95
89, 96
89, 97
89, 99
89, 106
90, 91
90, 92
90, 94
90, 95
90, 96
90, 97
90, 99
90, 101
90, 106
90, 113
90, 119
90, 121
90, 126
90, 138
90, 142
91, 92
91, 94
91, 95
91, 96
91, 97
91, 99
91, 101
91, 110
91, 111
91, 113
91, 119
91, 121
91, 123
91, 126
91, 127
91, 133
91, 137
91, 138
91, 142
91, 146
91, 147
91, 149
92, 94
92, 95
92, 96
92, 97
92, 99
94, 95
94, 96
94, 97
94, 99
94, 106
94, 119
94, 121
94, 126
94, 127
94, 138
95, 96
95, 97
95, 99
95, 126
95, 127
95, 138
96, 97
96, 99
96, 106
96, 121
96, 126
96, 127
96, 138
96, 149
97, 99
97, 119
97, 123
97, 126
97, 127
97, 133
97, 138
97, 146
97, 149
99, 106
99, 126
99, 127
99, 138
100, 102
100, 103
100, 104
100, 109
100, 110
100, 112
100, 115
100, 116
100, 120
100, 124
100, 128
100, 132
100, 136
100, 137
100, 139
100, 140
100, 143
100, 144
100, 145
100, 147
100, 148
101, 103
101, 110
101, 111
101, 113
101, 114
101, 115
101, 116
101, 119
101, 121
101, 123
101, 126
101, 127
101, 128
101, 132
101, 133
101, 134
101, 137
101, 138
101, 142
101, 145
101, 146
101, 147
101, 148
101, 149
102, 103
102, 104
102, 107
102, 108
102, 109
102, 110
102, 111
102, 112
102, 115
102, 116
102, 120
102, 124
102, 125
102, 128
102, 129
102, 130
102, 132
102, 136
102, 137
102, 139
102, 140
102, 141
102, 143
102, 144
102, 145
102, 147
103, 104
103, 108
103, 110
103, 111
103, 112
103, 113
103, 114
103, 115
103, 116
103, 119
103, 120
103, 121
103, 123
103, 124
103, 125
103, 126
103, 127
103, 128
103, 129
103, 132
103, 133
103, 134
103, 136
103, 137
103, 138
103, 139
103, 140
103, 141
103, 142
103, 143
103, 144
103, 145
103, 146
103, 147
103, 148
103, 149
104, 107
104, 108
104, 109
104, 110
104, 111
104, 112
104, 114
104, 115
104, 116
104, 120
104, 123
104, 124
104, 125
104, 128
104, 129
104, 130
104, 132
104, 133
104, 134
104, 136
104, 137
104, 139
104, 140
104, 141
104, 143
104, 144
104, 145
104, 146
104, 147
104, 148
104, 149
106, 113
106, 121
107, 108
107, 109
107, 112
107, 120
107, 124
107, 125
107, 129
107, 130
107, 139
107, 143
108, 110
108, 111
108, 112
108, 115
108, 116
108, 120
108, 123
108, 124
108, 125
108, 128
108, 129
108, 130
108, 132
108, 133
108, 134
108, 137
108, 139
108, 140
108, 143
108, 145
108, 146
108, 147
109, 112
109, 120
109, 124
109, 125
109, 130
109, 136
109, 139
109, 140
109, 143
109, 144
110, 111
110, 112
110, 114
110, 115
110, 116
110, 120
110, 121
110, 123
110, 124
110, 126
110, 127
110, 128
110, 132
110, 133
110, 136
110, 137
110, 138
110, 139
110, 140
110, 141
110, 142
110, 143
110, 144
110, 145
110, 146
110, 147
110, 148
110, 149
111, 112
111, 113
111, 114
111, 115
111, 116
111, 119
111, 120
111, 121
111, 123
111, 124
111, 126
111, 127
111, 128
111, 129
111, 132
111, 133
111, 134
111, 136
111, 137
111, 138
111, 139
111, 140
111, 141
111, 142
111, 143
111, 144
111, 145
111, 146
111, 147
111, 148
111, 149
112, 115
112, 116
112, 120
112, 123
112, 124
112, 125
112, 126
112, 127
112, 128
112, 129
112, 130
112, 132
112, 133
112, 136
112, 137
112, 139
112, 140
112, 141
112, 143
112, 144
112, 145
112, 146
112, 147
112, 148
112, 149
113, 114
113, 119
113, 121
113, 123
113, 126
113, 127
113, 128
113, 132
113, 133
113, 134
113, 138
113, 142
113, 146
113, 147
113, 149
114, 115
114, 116
114, 121
114, 123
114, 126
114, 127
114, 128
114, 132
114, 133
114, 136
114, 137
114, 138
114, 142
114, 145
114, 146
114, 147
114, 148
114, 149
115, 116
115, 120
115, 121
115, 123
115, 124
115, 126
115, 127
115, 128
115, 132
115, 133
115, 136
115, 137
115, 138
115, 139
115, 140
115, 141
115, 142
115, 143
115, 144
115, 145
115, 146
115, 147
115, 148
115, 149
116, 120
116, 123
116, 124
116, 125
116, 126
116, 127
116, 128
116, 129
116, 132
116, 133
116, 134
116, 136
116, 137
116, 138
116, 139
116, 140
116, 141
116, 142
116, 143
116, 144
116, 145
116, 146
116, 147
116, 148
116, 149
119, 121
119, 123
119, 126
119, 127
119, 133
119, 134
119, 138
119, 142
119, 146
119, 149
120, 124
120, 125
120, 128
120, 129
120, 130
120, 132
120, 136
120, 137
120, 139
120, 140
120, 141
120, 143
120, 144
120, 145
120, 147
120, 148
121, 123
121, 126
121, 127
121, 133
121, 138
121, 142
121, 146
121, 147
121, 148
121, 149
123, 126
123, 127
123, 128
123, 132
123, 133
123, 134
123, 137
123, 138
123, 139
123, 141
123, 142
123, 145
123, 146
123, 147
123, 148
123, 149
124, 125
124, 128
124, 129
124, 130
124, 132
124, 136
124, 137
124, 139
124, 140
124, 141
124, 143
124, 144
124, 145
124, 147
124, 148
125, 128
125, 129
125, 130
125, 132
125, 137
125, 139
125, 140
125, 143
125, 144
126, 127
126, 128
126, 132
126, 133
126, 134
126, 137
126, 138
126, 139
126, 141
126, 142
126, 145
126, 146
126, 147
126, 148
126, 149
127, 128
127, 132
127, 133
127, 134
127, 136
127, 137
127, 138
127, 139
127, 141
127, 142
127, 145
127, 146
127, 147
127, 148
127, 149
128, 129
128, 132
128, 133
128, 134
128, 136
128, 137
128, 138
128, 139
128, 140
128, 141
128, 142
128, 143
128, 144
128, 145
128, 146
128, 147
128, 148
128, 149
129, 130
129, 132
129, 137
129, 139
129, 140
129, 141
129, 143
129, 145
129, 147
130, 139
130, 140
130, 143
132, 133
132, 134
132, 136
132, 137
132, 138
132, 139
132, 140
132, 141
132, 142
132, 143
132, 144
132, 145
132, 146
132, 147
132, 148
132, 149
133, 134
133, 137
133, 138
133, 139
133, 141
133, 142
133, 145
133, 146
133, 147
133, 148
133, 149
134, 137
134, 138
134, 142
134, 146
134, 147
134, 149
136, 137
136, 139
136, 140
136, 141
136, 143
136, 144
136, 145
136, 147
136, 148
136, 149
137, 138
137, 139
137, 140
137, 141
137, 142
137, 143
137, 144
137, 145
137, 146
137, 147
137, 148
137, 149
138, 142
138, 145
138, 146
138, 147
138, 148
138, 149
139, 140
139, 141
139, 143
139, 144
139, 145
139, 146
139, 147
139, 148
140, 141
140, 143
140, 144
140, 145
140, 147
140, 148
141, 143
141, 144
141, 145
141, 146
141, 147
141, 148
142, 145
142, 146
142, 147
142, 148
142, 149
143, 144
143, 145
143, 147
143, 148
144, 145
144, 147
144, 148
145, 146
145, 147
145, 148
145, 149
146, 147
146, 149
147, 148
147, 149
148, 149
